Magnetisation
142,
74,
58,
48,
12,
-136,
-150,
-4,
86,
68,
62,
116,
128,
62,
52,
20,
44,
-2,
22,
-16,
-74,
-160,
-154,
-150,
-212,
-120,
-106,
-86,
6,
-28,
-4,
-54,
28,
120,
-18,
12,
-6,
-64,
0,
-24,
-104,
-106,
-102,
-40,
-140,
-120,
-138,
-100,
-126,
-18,
-44,
88,
116,
-4,
44,
60,
82,
128,
54,
52,
-24,
-60,
20,
20,
58,
72,
50,
-64,
-38,
-10,
92,
74,
20,
-52,
-118,
-152,
-152,
-54,
-90,
-24,
18,
2,
-32,
64,
46,
56,
60,
100,
152,
108,
144,
212,
124,
194,
136,
110,
100,
110,
152,
212,
170,
116,
134,
96,
126,
114,
160,
180,
202,
160,
108,
130,
58,
-78,
-34,
0,
6,
68,
126,
146,
160,
132,
64,
80,
120,
10,
32,
164,
114,
124,
18,
98,
90,
148,
162,
150,
158,
184,
194,
156,
176,
196,
152,
192,
170,
104,
108,
58,
104,
102,
188,
160,
220,
126,
52,
-60,
-40,
-20,
-80,
-218,
-150,
-146,
-166,
-142,
-178,
-132,
-106,
-34,
122,
80,
24,
88,
106,
128,
106,
164,
178,
186,
190,
212,
162,
140,
96,
6,
22,
24,
-32,
-54,
-56,
-16,
96,
172,
146,
88,
44,
38,
-48,
-46,
-98,
-84,
-100,
-128,
-142,
-96,
-4,
52,
-14,
-98,
-182,
-190,
-186,
-56,
-118,
-90,
20,
-82,
-52,
48,
26,
84,
94,
62,
30,
-10,
8,
40,
-16,
32,
0,
-24,
-90,
-164,
-170,
-114,
-40,
-40,
-30,
-78,
-154,
-148,
-128,
-152,
-106,
-90,
-90,
-100,
-96,
-186,
-162,
-138,
-180,
-178,
-140,
-156,
-144,
-162,
-148,
-166,
-150,
-170,
-152,
-80,
-70,
-34,
48,
114,
104,
116,
40,
36,
-54,
64,
82,
52,
32,
30,
86,
68,
120,
60,
76,
100,
100,
44,
76,
48,
32,
98,
178,
184,
178,
196,
184,
176,
164,
142,
148,
124,
170,
108,
118,
150,
174,
24,
34,
130,
162,
212,
150,
110,
84,
54,
46,
86,
10,
-74,
-38,
46,
100,
156,
218,
124,
70,
94,
8,
34,
112,
74,
56,
46,
36,
-16,
-14,
12,
-110,
-62,
54,
50,
-32,
-108,
-124,
-72,
-18,
16,
-136,
-156,
-218,
-172,
-226,
-158,
-88,
-82,
-116,
-186,
-204,
-194,
-164,
-174,
-154,
-84,
-76,
-134,
-96,
-76,
-48,
-48,
104,
126,
106,
-38,
-52,
28,
96,
54,
74,
20,
72,
152,
152,
188,
160,
116,
194,
190,
184,
180,
178,
84,
132,
138,
152,
28,
22,
86,
48,
22,
-46,
-110,
-196,
-198,
-178,
-56,
-112,
-178,
-164,
-214,
-88,
-60,
-92,
-154,
-194,
-162,
-136,
-30,
-130,
-60,
-114,
-24,
-62,
-22,
-100,
-120,
-182,
-196,
-182,
-184,
-192,
-186,
-118,
-66,
-20,
-68,
-86,
-142,
-106,
-128,
-136,
-78,
-98,
-98,
-156,
-190,
-202,
-154,
-168,
-118,
-194,
-180,
-212,
-190,
-62,
-30,
8,
-12,
-144,
-146,
-96,
-118,
-122,
-34,
-42,
-86,
-98,
-26,
-2,
6,
-40,
22,
116,
152,
118,
82,
102,
142,
26,
16,
-12,
-22,
-46,
2,
40,
-98,
-106,
-142,
-118,
-144,
-128,
-98,
-176,
-124,
-74,
-30,
-26,
10,
-6,
-36,
-78,
-90,
-112,
-136,
-188,
-168,
-132,
-122,
-68,
-78,
-142,
-72,
-122,
-194,
-134,
-98,
-6,
124,
156,
88,
-10,
46,
-40,
-68,
-40,
10,
10,
-18,
-22,
-84,
20,
-8,
4,
58,
42,
138,
136,
88,
108,
70,
160,
132,
102,
126,
18,
100,
122,
164,
150,
104,
64,
16,
18,
74,
90,
78,
90,
208,
212,
218,
134,
56,
60,
100,
44,
94,
88,
-44,
-66,
-106,
-66,
-54,
-14,
28,
132,
166,
166,
108,
152,
128,
108,
146,
64,
106,
138,
152,
180,
182,
122,
152,
172,
136,
122,
148,
140,
126,
72,
-14,
90,
162,
128,
106,
126,
146,
130,
100,
88,
130,
88,
136,
88,
132,
164,
140,
74,
74,
90,
18,
-18,
-82,
18,
26,
-48,
-14,
86,
94,
128,
114,
74,
102,
126,
156,
92,
142,
74,
-8,
-28,
-36,
-94,
-88,
-102,
-98,
-64,
-44,
-36,
-30,
-10,
-156,
-108,
-74,
-132,
-136,
-176,
-192,
-162,
-206,
-170,
-132,
-76,
-100,
-50,
-46,
30,
-30,
36,
-32,
-110,
-146,
-122,
-174,
-192,
-222,
-208,
-128,
-196,
-162,
-212,
-184,
-186,
-198,
-188,
-132,
-126,
-156,
-148,
-196,
-174,
-178,
-72,
-106,
-54,
-102,
-130,
-86,
-28,
0,
-2,
-40,
-114,
0,
106,
106,
118,
98,
22,
64,
96,
130,
172,
150,
154,
104,
118,
130,
208,
190,
180,
158,
170,
136,
136,
192,
92,
76,
46,
-32,
-92,
6,
28,
36,
128,
130,
154,
138,
130,
14,
28,
32,
78,
34,
14,
24,
42,
-90,
-148,
-66,
-150,
-184,
-170,
-142,
-104,
-44,
-46,
-54,
-134,
-146,
-196,
-184,
-132,
-88,
-24,
-146,
-178,
-182,
-190,
-158,
-166,
-86,
-174,
-192,
-160,
-118,
-70,
20,
80,
162,
186,
142,
202,
154,
114,
60,
110,
172,
134,
162,
174,
122,
114,
86,
128,
78,
22,
-16,
16,
32,
184,
200,
188,
154,
158,
148,
110,
96,
80,
112,
114,
24,
38,
22,
28,
-20,
-38,
-50,
-80,
-136,
-200,
-178,
-174,
-200,
-194,
-174,
-96,
-44,
-48,
-74,
-104,
-88,
-26,
-88,
-122,
-110,
-56,
-28,
14,
-42,
-40,
20,
10,
30,
-40,
-44,
-94,
-46,
-18,
-68,
-110,
-160,
-196,
-212,
-118,
-172,
-50,
-22,
-32,
-50,
44,
-24,
-132,
-120,
-44,
-122,
-112,
-184,
-156,
-186,
-152,
-134,
-160,
-196,
-156,
-144,
-122,
-132,
-10,
-180,
-172,
-164,
-148,
-142,
-166,
-196,
-198,
-180,
-170,
-186,
-182,
-144,
-128,
-92,
-62,
-20,
-88,
2,
118,
70,
-26,
-10,
16,
4,
34,
96,
94,
38,
-44,
10,
48,
-52,
-42,
-74,
-146,
-108,
-172,
-160,
-204,
-168,
-110,
-80,
-78,
-132,
-112,
-78,
-168,
-138,
-178,
-166,
-140,
-94,
-160,
-134,
-184,
-134,
-172,
-220,
-180,
-128,
-148,
-148,
-54,
-38,
0,
-4,
78,
78,
8,
-56,
24,
64,
28,
10,
94,
122,
192,
182,
82,
72,
92,
142,
120,
116,
124,
166,
192,
158,
184,
166,
176,
118,
166,
190,
182,
174,
210,
140,
132,
38,
50,
92,
134,
136,
56,
34,
24,
-36,
-142,
-102,
-98,
-100,
-66,
-44,
-158,
-100,
-82,
-84,
-98,
-154,
-96,
-56,
18,
12,
-6,
34,
32,
20,
-50,
22,
24,
-40,
54,
76,
152,
-14,
42,
42,
22,
44,
132,
60,
70,
16,
-60,
-146,
-138,
-68,
-68,
-50,
-50,
-46,
2,
-86,
-64,
-62,
24,
70,
96,
182,
144,
138,
102,
98,
110,
118,
172,
170,
148,
156,
110,
160,
196,
174,
150,
210,
116,
92,
118,
128,
150,
140,
70,
98,
70,
88,
190,
198,
166,
102,
64,
116,
72,
72,
122,
40,
6,
72,
24,
92,
158,
158,
158,
162,
168,
148,
198,
138,
126,
70,
76,
140,
166,
102,
72,
8,
16,
-44,
-52,
-108,
-96,
-212,
-196,
-196,
-164,
-132,
-134,
-142,
-110,
-134,
-68,
-98,
-162,
-138,
-44,
-8,
68,
22,
72,
132,
140,
132,
82,
52,
-16,
-4,
-78,
-170,
-182,
-190,
-126,
-106,
-148,
-190,
-128,
-76,
-114,
-24,
18,
-16,
-4,
42,
100,
124,
110,
98,
52,
64,
-36,
-142,
-84,
-154,
-164,
-220,
-152,
-162,
-162,
-26,
-118,
-166,
-120,
-168,
-156,
-106,
-36,
2,
132,
48,
-4,
56,
98,
66,
124,
126,
102,
116,
150,
162,
174,
202,
170,
100,
0,
32,
-34,
-34,
4,
32,
-4,
18,
24,
-6,
-44,
-162,
-86,
-60,
-46,
38,
96,
14,
-94,
-68,
-72,
-48,
-92,
-138,
-158,
-138,
-58,
-28,
-62,
-50,
-120,
-104,
-14,
42,
154,
140,
78,
44,
48,
64,
22,
-76,
-110,
-20,
52,
-30,
-148,
-188,
-108,
-132,
-112,
-92,
-98,
-34,
-54,
-134,
-154,
-186,
-180,
-178,
-186,
-168,
-154,
-208,
-184,
-160,
-180,
-164,
-158,
-184,
-138,
-138,
-112,
-84,
-128,
-108,
-42,
-92,
-104,
-22,
-120,
-106,
32,
24,
148,
152,
166,
118,
182,
164,
154,
120,
188,
188,
170,
132,
100,
136,
180,
154,
90,
144,
132,
70,
28,
4,
12,
-2,
24,
-16,
-42,
-98,
-74,
-56,
56,
76,
100,
168,
154,
166,
164,
150,
214,
170,
74,
-14,
22,
34,
108,
84,
130,
170,
152,
166,
108,
60,
54,
126,
172,
152,
152,
106,
74,
60,
94,
122,
-46,
-8,
-18,
-76,
-140,
-150,
-184,
-110,
-82,
-4,
-94,
-152,
-118,
-126,
-106,
-212,
-192,
-136,
-110,
-150,
-60,
-50,
-80,
-160,
-204,
-192,
-174,
-188,
-164,
-162,
-172,
-152,
-132,
-182,
-164,
-168,
-84,
-206,
-82,
-110,
-48,
-128,
-156,
-174,
-212,
-180,
-148,
-160,
-204,
-190,
-202,
-174,
-198,
-162,
-118,
-98,
-16,
44,
40,
134,
158,
192,
150,
124,
144,
166,
124,
170,
176,
170,
156,
172,
116,
36,
132,
98,
122,
108,
104,
32,
126,
134,
72,
-16,
36,
138,
114,
106,
124,
100,
100,
140,
206,
190,
148,
134,
120,
104,
64,
-30,
54,
24,
-124,
-174,
-188,
-160,
-132,
-86,
-182,
-228,
-172,
-130,
-200,
-186,
-190,
-86,
-46,
-170,
-188,
-188,
-114,
-230,
-198,
-102,
-42,
2,
28,
26,
-54,
-148,
-132,
-42,
-66,
-160,
-110,
-84,
-106,
-52,
-12,
-68,
14,
56,
14,
-28,
-10,
-26,
18,
58,
14,
18,
-64,
28,
50,
54,
46,
112,
148,
180,
180,
180,
110,
164,
140,
132,
168,
138,
134,
128,
148,
156,
170,
164,
10,
2,
-14,
-58,
-106,
-66,
-54,
-44,
70,
60,
64,
52,
8,
6,
-12,
-22,
-10,
-26,
-26,
4,
42,
42,
138,
62,
26,
4,
-48,
10,
56,
130,
106,
132,
132,
102,
20,
-6,
-56,
-14,
-106,
-68,
-28,
32,
90,
88,
24,
-60,
-174,
-136,
-160,
-118,
-176,
-158,
-194,
-210,
-196,
-112,
-154,
-148,
-72,
-42,
68,
70,
134,
86,
66,
100,
58,
146,
154,
174,
160,
190,
114,
160,
160,
104,
-34,
10,
18,
58,
78,
24,
46,
94,
44,
144,
180,
156,
148,
152,
114,
118,
148,
106,
72,
72,
88,
162,
136,
152,
120,
150,
180,
214,
194,
218,
178,
192,
190,
178,
150,
196,
174,
182,
168,
222,
170,
192,
182,
114,
60,
56,
16,
4,
-10,
22,
24,
184,
84,
32,
48,
132,
130,
168,
158,
140,
100,
88,
180,
180,
222,
216,
170,
152,
168,
114,
32,
-38,
-78,
-130,
-204,
-162,
-178,
-170,
-144,
-176,
-234,
-194,
-184,
-168,
-198,
-104,
-144,
-188,
-132,
-64,
-94,
-146,
-96,
-108,
-30,
-52,
0,
40,
0,
-28,
-72,
-10,
-30,
-90,
-98,
-86,
-112,
-118,
-142,
-120,
-130,
-138,
-64,
82,
80,
112,
106,
98,
60,
22,
78,
70,
50,
-30,
-32,
-44,
-28,
-26,
28,
78,
10,
44,
120,
146,
168,
74,
6,
96,
194,
92,
54,
62,
20,
54,
92,
142,
178,
108,
120,
78,
50,
-130,
-178,
-172,
-164,
-60,
-120,
-156,
-194,
-176,
-146,
-184,
-158,
-146,
-166,
-160,
-128,
-124,
-124,
-112,
-158,
-90,
-148,
-186,
-114,
-172,
-92,
-8,
28,
8,
-24,
-14,
24,
-4,
-22,
58,
44,
110,
78,
20,
90,
122,
56,
92,
44,
86,
100,
98,
-20,
-6,
40,
-98,
-92,
-52,
-8,
-36,
-114,
-22,
-130,
-54,
-174,
-64,
-54,
-48,
-212,
-166,
-208,
-144,
-26,
-50,
14,
-126,
-102,
-110,
-104,
-166,
-116,
-120,
-134,
-140,
-130,
-76,
-76,
-76,
-100,
-134,
-6,
-6,
-110,
-98,
-82,
-66,
-108,
-216,
-166,
-210,
-180,
-200,
-172,
-144,
-174,
-158,
-128,
-128,
-114,
-26,
38,
60,
92,
36,
-82,
-88,
-52,
-132,
-176,
-180,
-110,
-144,
-54,
-66,
-148,
-126,
-144,
-188,
-168,
-160,
-70,
-80,
-14,
16,
-54,
-4,
-40,
-20,
-26,
-116,
-178,
-186,
-194,
-174,
-52,
-64,
-90,
-102,
-88,
-182,
-80,
-64,
-82,
-100,
-132,
-194,
-156,
-70,
-100,
-42,
-70,
-40,
-34,
40,
26,
12,
-74,
-48,
-104,
-152,
-112,
-98,
-52,
2,
-34,
-52,
-98,
-38,
-42,
10,
28,
84,
96,
162,
188,
182,
164,
186,
118,
80,
66,
18,
20,
22,
80,
170,
42,
166,
150,
-8,
102,
140,
182,
184,
160,
80,
154,
178,
168,
210,
186,
88,
10,
-16,
100,
140,
172,
76,
166,
144,
132,
142,
192,
164,
164,
176,
56,
182,
172,
168,
136,
198,
208,
144,
124,
182,
166,
144,
138,
156,
178,
204,
200,
106,
152,
170,
156,
162,
174,
136,
152,
182,
136,
122,
86,
122,
54,
4,
-102,
14,
-30,
-56,
-124,
-140,
-68,
-38,
-16,
0,
-40,
38,
92,
172,
104,
116,
126,
178,
124,
170,
104,
122,
166,
226,
194,
220,
194,
196,
130,
84,
88,
154,
100,
74,
62,
-14,
-28,
-40,
-56,
-6,
-30,
32,
-82,
44,
-6,
28,
8,
120,
92,
100,
110,
104,
32,
-110,
-112,
-192,
-166,
-186,
-158,
-134,
-94,
-106,
-130,
-122,
-100,
-98,
-148,
-150,
-76,
-108,
-102,
-48,
-44,
-18,
-24,
-52,
-20,
-50,
-38,
-74,
-200,
-174,
-124,
-126,
-46,
-26,
-50,
-48,
-4,
-44,
-112,
-194,
-134,
-60,
-28,
-40,
-84,
-90,
-126,
-82,
-88,
-28,
-122,
-110,
-168,
-114,
-42,
-56,
-158,
-150,
-74,
-154,
-176,
-108,
-82,
-10,
-6,
0,
34,
38,
30,
38,
56,
66,
36,
132,
84,
134,
152,
98,
20,
-18,
-118,
-100,
-58,
-92,
-126,
-170,
-168,
-144,
-160,
-92,
-208,
-134,
-114,
-198,
-176,
-148,
-104,
-162,
-114,
-186,
-108,
-140,
-162,
-86,
-180,
-90,
-30,
-30,
-32,
-78,
-108,
-94,
-8,
-22,
-68,
-48,
-136,
-158,
-180,
-190,
-180,
-202,
-192,
-132,
-140,
-138,
-130,
-136,
-114,
-98,
-124,
-166,
-176,
-154,
-58,
-154,
-204,
-152,
-174,
-160,
-156,
-176,
-164,
-172,
-198,
-168,
-166,
-200,
-176,
-198,
-184,
-154,
-12,
122,
122,
162,
94,
166,
166,
220,
184,
188,
148,
98,
46,
54,
-40,
-12,
10,
76,
60,
30,
34,
118,
146,
148,
134,
150,
166,
188,
222,
182,
214,
110,
104,
162,
196,
178,
104,
18,
40,
62,
124,
86,
98,
10,
-10,
-46,
-60,
-80,
-30,
-54,
-86,
-108,
-32,
54,
-38,
-56,
56,
24,
50,
144,
164,
106,
100,
104,
82,
48,
100,
76,
92,
-10,
-46,
-116,
-110,
-194,
-174,
-166,
-144,
-62,
-100,
-166,
-64,
-8,
120,
122,
168,
170,
100,
46,
26,
96,
80,
154,
170,
208,
196,
162,
136,
166,
120,
34,
28,
4,
62,
54,
-18,
-58,
-40,
-126,
-74,
-128,
-108,
-120,
-122,
-114,
-62,
-46,
20,
120,
148,
176,
216,
136,
134,
184,
128,
86,
154,
118,
102,
160,
52,
102,
66,
-64,
-172,
-162,
-104,
-140,
-152,
-136,
-164,
-154,
-170,
-184,
-144,
-126,
-54,
14,
102,
124,
182,
128,
152,
158,
100,
90,
104,
86,
102,
148,
118,
204,
50,
78,
86,
170,
138,
156,
162,
186,
166,
196,
192,
116,
142,
124,
134,
166,
170,
140,
92,
122,
74,
-62,
-76,
22,
24,
140,
100,
152,
146,
146,
170,
206,
158,
188,
164,
156,
112,
178,
148,
154,
182,
148,
164,
118,
116,
32,
44,
60,
20,
12,
-98,
-78,
-14,
-78,
-98,
-40,
-120,
-162,
-100,
-90,
-64,
-128,
-98,
-96,
-156,
-174,
-140,
-128,
-142,
-202,
-164,
-100,
-120,
-98,
-58,
-64,
-128,
-154,
-174,
-60,
-64,
-22,
10,
-66,
-26,
-30,
-58,
-6,
-6,
-18,
-72,
-22,
64,
184,
70,
44,
64,
104,
38,
78,
-4,
-14,
38,
-88,
-2,
-6,
148,
134,
132,
116,
128,
82,
-40,
-72,
-60,
-96,
-60,
-32,
-132,
-74,
-24,
-46,
22,
-56,
-40,
52,
52,
54,
102,
88,
20,
46,
30,
20,
84,
46,
98,
40,
58,
40,
52,
-2,
24,
-28,
-64,
-50,
-82,
-190,
-106,
-14,
34,
40,
50,
-26,
-26,
-46,
-6,
54,
66,
-10,
-2,
28,
56,
30,
-22,
36,
52,
32,
-28,
-40,
-120,
-48,
-150,
-146,
-120,
-144,
-88,
-24,
58,
8,
-74,
-66,
-48,
-96,
-86,
-130,
-166,
-82,
-66,
-44,
-66,
-62,
-40,
8,
-120,
-58,
-50,
34,
84,
126,
36,
-72,
-88,
-92,
-132,
-106,
-138,
-120,
-106,
-158,
-176,
-164,
-152,
-132,
-74,
-50,
-80,
-136,
-120,
-174,
-170,
-158,
-92,
-102,
-80,
-18,
-18,
4,
-8,
52,
74,
44,
156,
52,
16,
92,
158,
178,
144,
86,
134,
158,
158,
148,
150,
204,
122,
106,
124,
114,
144,
126,
30,
28,
-58,
-74,
-146,
-94,
-140,
-112,
-4,
-22,
24,
-24,
98,
20,
-94,
-90,
-108,
-86,
-76,
-188,
-132,
-96,
26,
86,
130,
162,
116,
88,
98,
34,
132,
146,
56,
60,
116,
48,
136,
76,
50,
-32,
-72,
-18,
-126,
-56,
12,
-68,
-172,
-58,
-86,
-78,
-62,
-184,
-192,
-188,
-180,
-202,
-212,
-140,
-188,
-192,
-118,
-66,
-120,
-136,
-38,
-4,
16,
72,
74,
110,
156,
128,
122,
138,
100,
160,
202,
160,
162,
130,
142,
154,
52,
-8,
-12,
66,
78,
136,
128,
130,
144,
170,
118,
84,
24,
22,
116,
136,
100,
136,
20,
-58,
-42,
-46,
0,
-18,
-96,
-130,
-86,
-30,
-90,
-48,
-12,
46,
160,
92,
100,
100,
66,
92,
56,
82,
166,
66,
-48,
28,
132,
156,
170,
170,
140,
54,
10,
-68,
-112,
-98,
-22,
-14,
-152,
-94,
-48,
52,
78,
36,
40,
36,
-46,
-32,
-20,
-54,
-60,
-102,
-102,
-70,
-10,
-152,
-176,
-6,
62,
98,
132,
136,
186,
142,
198,
48,
62,
52,
-38,
-32,
-14,
-70,
-184,
-170,
-50,
0,
-24,
0,
14,
34,
8,
-38,
-92,
22,
-82,
-124,
-78,
34,
-44,
-46,
-20,
-32,
-52,
-120,
-118,
-130,
-148,
-128,
-146,
-138,
-182,
-196,
-158,
-142,
-182,
-198,
-148,
-152,
-140,
-156,
-132,
-44,
-30,
-34,
-44,
-104,
-158,
-172,
-154,
-128,
-104,
-102,
-176,
-116,
-146,
-58,
-88,
-118,
-172,
-168,
-114,
-146,
-138,
-164,
-174,
-186,
-174,
-108,
-86,
-174,
-186,
-122,
-146,
-142,
-168,
-160,
-136,
-100,
-36,
60,
64,
82,
68,
60,
6,
20,
44,
14,
-72,
-86,
-102,
-54,
-64,
-12,
-50,
-8,
-106,
-70,
-32,
-30,
64,
46,
74,
134,
174,
186,
114,
172,
170,
178,
106,
96,
144,
124,
106,
132,
138,
114,
182,
144,
154,
160,
102,
92,
60,
30,
8,
-16,
-16,
-22,
46,
102,
28,
4,
36,
52,
84,
66,
128,
42,
96,
104,
102,
108,
114,
140,
160,
130,
186,
176,
166,
188,
118,
176,
202,
146,
132,
126,
178,
78,
86,
130,
106,
152,
126,
120,
168,
168,
198,
214,
188,
110,
92,
100,
54,
118,
90,
78,
36,
138,
182,
166,
174,
198,
136,
62,
96,
62,
108,
102,
2,
6,
-44,
6,
-44,
44,
38,
100,
90,
122,
86,
150,
156,
184,
156,
80,
92,
166,
164,
194,
102,
188,
88,
50,
16,
58,
6,
6,
20,
-8,
-46,
-64,
-80,
-190,
-162,
-120,
-142,
-124,
-132,
-134,
-106,
-108,
-106,
-136,
-68,
-108,
-120,
-126,
-82,
-46,
-74,
-36,
-30,
-100,
-96,
-50,
52,
28,
20,
-46,
-90,
-6,
-108,
-116,
-128,
-198,
-172,
-124,
-170,
-166,
-126,
-86,
-46,
-64,
-98,
-108,
-138,
-112,
-76,
4,
-38,
-82,
-78,
-154,
-84,
-146,
-150,
-210,
-190,
-214,
-170,
-180,
-76,
-58,
-24,
-50,
-66,
-32,
62,
82,
64,
38,
-42,
-32,
44,
0,
48,
-10,
26,
-44,
-66,
-62,
-150,
-202,
-152,
-180,
-230,
-202,
-164,
-122,
-76,
44,
6,
126,
172,
54,
-26,
-28,
52,
112,
98,
150,
140,
146,
162,
110,
40,
34,
56,
88,
-10,
-74,
-70,
0,
60,
-4,
-10,
50,
-12,
48,
158,
90,
152,
160,
68,
-42,
-58,
-116,
-58,
-56,
-134,
-142,
-96,
-164,
-56,
-92,
-200,
-92,
-96,
-136,
-60,
52,
-24,
112,
92,
96,
78,
114,
92,
94,
118,
88,
84,
32,
14,
-26,
-90,
-6,
-10,
32,
44,
130,
160,
152,
160,
160,
186,
158,
60,
4,
38,
46,
150,
96,
-24,
10,
-62,
-106,
-118,
-94,
-82,
-78,
-14,
-104,
-100,
-8,
92,
180,
180,
202,
182,
154,
192,
158,
182,
138,
202,
214,
222,
186,
174,
182,
142,
126,
100,
76,
82,
112,
166,
106,
64,
42,
60,
116,
-4,
40,
80,
-8,
-42,
-46,
-8,
8,
-20,
-44,
-80,
-34,
94,
146,
138,
148,
108,
50,
34,
118,
134,
122,
134,
80,
8,
-36,
46,
48,
-10,
-46,
-50,
18,
10,
-40,
-30,
-46,
-118,
-134,
-162,
-132,
-30,
-94,
-50,
-94,
-164,
-92,
-152,
-102,
-192,
-174,
-158,
-180,
-224,
-70,
-174,
-122,
-170,
-144,
-110,
-60,
-12,
18,
-12,
-88,
-126,
-96,
-170,
-174,
-140,
-8,
88,
80,
66,
94,
86,
72,
102,
166,
182,
192,
146,
148,
112,
206,
156,
60,
26,
24,
72,
172,
190,
200,
206,
198,
156,
122,
156,
108,
138,
164,
108,
48,
64,
116,
168,
212,
80,
120,
202,
140,
168,
166,
200,
162,
116,
156,
134,
88,
88,
58,
-20,
60,
106,
106,
48,
126,
102,
76,
114,
130,
154,
122,
142,
160,
192,
200,
220,
146,
108,
98,
172,
122,
98,
126,
102,
98,
26,
100,
106,
124,
166,
196,
174,
190,
154,
148,
208,
134,
190,
196,
222,
156,
44,
96,
102,
142,
126,
104,
104,
102,
152,
108,
98,
122,
148,
92,
122,
92,
58,
44,
-2,
-52,
-72,
-64,
-28,
-50,
-146,
-144,
-102,
46,
112,
62,
68,
134,
162,
202,
164,
152,
144,
88,
36,
126,
136,
144,
70,
144,
166,
150,
-12,
32,
-26,
44,
52,
116,
68,
-34,
48,
42,
40,
96,
90,
-10,
24,
88,
84,
90,
94,
58,
84,
72,
42,
-62,
-66,
-52,
-86,
-104,
-32,
-2,
-2,
-36,
22,
-44,
-106,
-142,
-138,
-126,
-98,
-102,
-90,
-118,
-62,
-18,
22,
2,
26,
2,
50,
62,
60,
6,
-24,
32,
68,
14,
10,
48,
126,
22,
-32,
-54,
-104,
42,
-24,
-28,
-14,
-104,
-128,
-156,
-168,
-176,
-108,
-118,
-32,
22,
-12,
-28,
-70,
2,
-18,
-16,
52,
68,
38,
26,
-40,
-84,
-62,
-64,
-54,
-24,
-52,
-52,
-92,
-138,
-86,
-112,
-154,
-176,
-112,
-96,
-82,
-160,
-214,
-214,
-170,
-134,
-150,
-174,
-114,
-158,
-164,
-166,
-114,
-182,
-152,
-96,
-46,
-38,
-142,
-194,
-190,
-186,
-146,
-182,
-166,
-164,
-204,
-162,
-152,
-106,
-108,
-34,
-158,
-168,
-134,
-152,
-164,
-90,
-4,
-60,
-118,
-78,
-176,
-142,
-44,
-62,
-56,
-132,
-160,
-126,
-54,
-162,
-120,
-98,
-96,
-132,
-192,
-206,
-106,
-102,
-134,
-136,
-114,
78,
96,
12,
-14,
36,
110,
184,
162,
186,
116,
142,
126,
50,
40,
-44,
-56,
68,
96,
122,
166,
164,
162,
168,
204,
148,
158,
204,
110,
52,
30,
-20,
34,
36,
-34,
-128,
-46,
2,
6,
-52,
-124,
-150,
-116,
-130,
-130,
-56,
-58,
12,
4,
58,
-30,
-64,
-90,
-132,
-132,
-164,
-108,
-170,
-152,
-116,
-126,
-176,
-158,
-104,
6,
62,
42,
122,
56,
8,
12,
-12,
-58,
-70,
-112,
-100,
-130,
-150,
-48,
-102,
16,
-52,
-54,
-54,
-88,
-148,
-38,
66,
96,
160,
158,
110,
36,
16,
-60,
-22,
128,
28,
-38,
-36,
-156,
-164,
-186,
-134,
-174,
-150,
-72,
-146,
-100,
-114,
-180,
-148,
-162,
-178,
-180,
-202,
-174,
-186,
-178,
-134,
-98,
-84,
8,
-32,
-8,
-38,
64,
186,
204,
168,
130,
112,
54,
10,
-58,
-64,
-4,
-54,
-32,
-52,
-78,
-102,
-96,
-70,
-168,
-102,
-114,
-88,
-96,
-60,
-172,
-186,
-194,
-88,
-110,
-100,
-40,
-36,
-16,
10,
-44,
-36,
-44,
46,
24,
-26,
-44,
-48,
-18,
92,
18,
48,
164,
166,
148,
194,
112,
140,
118,
168,
198,
200,
186,
164,
200,
144,
136,
82,
174,
172,
162,
192,
178,
170,
160,
80,
118,
76,
158,
208,
118,
96,
26,
30,
0,
132,
70,
12,
-66,
-112,
-122,
-164,
-52,
-112,
-166,
-160,
-54,
-42,
-2,
-132,
-146,
-160,
-170,
-186,
-190,
-104,
-48,
38,
174,
178,
106,
70,
126,
88,
94,
100,
94,
102,
36,
30,
-24,
-88,
-48,
-66,
14,
108,
154,
110,
64,
38,
28,
78,
142,
184,
142,
162,
196,
146,
112,
88,
132,
46,
40,
50,
80,
62,
12,
92,
130,
98,
-24,
36,
14,
-38,
-98,
-138,
-118,
-96,
-84,
-102,
-88,
-118,
-168,
-196,
-192,
-214,
-184,
-178,
-180,
-144,
-80,
-120,
-158,
-180,
-66,
94,
-124,
-144,
-146,
-154,
-166,
-140,
-36,
-84,
-80,
-36,
-78,
-148,
-172,
-196,
-202,
-238,
-222,
-142,
-106,
-160,
-102,
-164,
-142,
-74,
-10,
50,
66,
186,
200,
166,
206,
56,
152,
58,
38,
4,
70,
108,
158,
86,
-32,
38,
-42,
-28,
-56,
-62,
-34,
-60,
-52,
-80,
-64,
-148,
-174,
-162,
-188,
-156,
-130,
-96,
-86,
-114,
-100,
-122,
-114,
-160,
-118,
-92,
-122,
-28,
-90,
-70,
-108,
-74,
-150,
-178,
-184,
-178,
-148,
-112,
-108,
-90,
-126,
-98,
-164,
-132,
-44,
-56,
-134,
-98,
-138,
26,
-28,
-124,
-126,
-114,
-110,
-80,
-12,
-4,
2,
-36,
42,
140,
176,
150,
112,
52,
98,
90,
94,
62,
-18,
6,
78,
78,
102,
150,
204,
152,
162,
214,
126,
190,
166,
140,
200,
152,
142,
64,
118,
72,
34,
104,
162,
64,
90,
132,
52,
90,
172,
136,
178,
210,
216,
180,
156,
148,
188,
136,
122,
90,
36,
38,
-32,
16,
108,
142,
56,
98,
122,
152,
192,
134,
182,
126,
132,
92,
124,
164,
146,
128,
88,
162,
60,
-36,
4,
-26,
-70,
18,
-8,
-6,
-52,
-16,
0,
-28,
58,
16,
38,
-26,
-72,
-88,
-68,
-42,
-82,
-128,
-48,
-36,
-116,
-212,
-188,
-180,
-218,
-180,
-160,
-116,
-126,
-170,
-184,
-174,
-186,
-162,
-164,
-192,
-76,
-100,
-154,
-58,
-66,
-62,
-36,
-56,
-20,
-44,
-16,
-86,
-178,
-212,
-180,
-162,
-74,
-36,
-100,
-176,
-128,
-182,
-148,
-116,
-50,
-14,
60,
60,
-18,
24,
38,
52,
-82,
-100,
-46,
-138,
-158,
-112,
-48,
-42,
-106,
-142,
-166,
-166,
-220,
-196,
-142,
-204,
-196,
-66,
-84,
-94,
-72,
-124,
-154,
-194,
-204,
-190,
-148,
-142,
-214,
-168,
-176,
-156,
-168,
-92,
-112,
8,
6,
-152,
-132,
-174,
-186,
-136,
-114,
-48,
-34,
-76,
50,
28,
-28,
-18,
-32,
58,
38,
100,
168,
212,
174,
138,
118,
124,
38,
-8,
-88,
-76,
-62,
-166,
-162,
-142,
-162,
-180,
-198,
-196,
-176,
-184,
-204,
-172,
-194,
-152,
-136,
-94,
-20,
44,
126,
110,
154,
166,
128,
176,
146,
96,
130,
36,
66,
104,
56,
130,
186,
110,
128,
152,
164,
172,
224,
176,
140,
158,
140,
198,
120,
116,
132,
140,
76,
78,
170,
176,
96,
182,
212,
108,
200,
164,
196,
164,
116,
166,
162,
160,
126,
88,
68,
30,
22,
-76,
-4,
-10,
-58,
-6,
18,
50,
34,
112,
74,
-4,
74,
82,
54,
-12,
22,
-10,
50,
92,
56,
-8,
-72,
-116,
-114,
-98,
-102,
-74,
-40,
-10,
42,
28,
58,
-30,
-162,
-144,
-102,
-62,
2,
80,
134,
182,
138,
188,
198,
120,
48,
92,
94,
158,
108,
108,
70,
68,
10,
154,
200,
188,
158,
176,
88,
138,
92,
126,
114,
164,
138,
106,
116,
192,
160,
194,
172,
160,
110,
66,
62,
148,
204,
148,
86,
108,
108,
2,
118,
106,
8,
-72,
-42,
-30,
-140,
-114,
26,
166,
130,
122,
160,
182,
88,
0,
-42,
-144,
-154,
-200,
-188,
-180,
-64,
-114,
-172,
-72,
-74,
-114,
-56,
-50,
-18,
24,
-60,
-172,
-190,
-132,
-80,
-72,
-24,
-78,
-134,
-194,
-154,
-182,
-66,
-44,
-34,
-38,
-148,
-134,
-118,
-140,
-146,
-8,
0,
4,
56,
126,
48,
72,
144,
162,
98,
98,
72,
80,
-14,
-42,
-130,
-110,
4,
16,
46,
76,
84,
0,
-4,
-68,
-28,
-54,
-104,
-78,
-102,
-70,
-100,
-160,
-88,
-40,
-22,
-32,
6,
-18,
100,
164,
140,
124,
118,
106,
120,
176,
106,
214,
226,
208,
146,
154,
110,
148,
128,
90,
158,
74,
92,
84,
52,
-16,
-102,
-42,
-10,
-72,
-36,
-106,
-120,
-94,
-80,
-58,
-158,
-144,
-86,
-110,
-98,
-68,
-74,
-78,
-6,
-50,
-52,
-94,
-94,
-96,
-96,
-144,
-96,
-128,
-170,
-180,
-136,
-48,
-34,
14,
104,
112,
150,
150,
150,
182,
146,
156,
172,
96,
150,
208,
166,
116,
130,
118,
46,
-4,
-16,
-18,
-18,
50,
24,
100,
108,
206,
222,
194,
176,
150,
138,
108,
196,
164,
200,
200,
160,
176,
148,
104,
80,
46,
32,
72,
56,
46,
12,
-92,
4,
-76,
-94,
-20,
-132,
-102,
-142,
-120,
-94,
-134,
-82,
-28,
-100,
-108,
-112,
-106,
-96,
-26,
-74,
-70,
-48,
0,
138,
166,
120,
120,
64,
118,
-26,
-26,
-72,
-6,
-68,
6,
24,
-56,
-42,
-108,
-104,
-88,
-158,
-138,
-150,
-80,
-32,
86,
168,
176,
220,
212,
124,
118,
48,
82,
58,
114,
178,
152,
88,
32,
64,
80,
76,
8,
90,
-4,
78,
112,
140,
74,
134,
76,
60,
18,
8,
-26,
26,
22,
44,
30,
-44,
48,
12,
40,
52,
0,
-20,
-36,
68,
146,
124,
158,
164,
140,
168,
122,
184,
146,
82,
42,
-6,
46,
34,
38,
54,
134,
168,
198,
204,
206,
212,
188,
204,
182,
158,
76,
152,
88,
182,
180,
194,
170,
140,
146,
84,
100,
-12,
90,
92,
116,
126,
96,
64,
88,
150,
168,
130,
78,
18,
-54,
-52,
-140,
-182,
-204,
-158,
-182,
-174,
-104,
-112,
-216,
-204,
-172,
-152,
-154,
-124,
-136,
-162,
-132,
-130,
-126,
-88,
-2,
76,
108,
104,
80,
112,
88,
36,
0,
-14,
-72,
-100,
14,
-40,
-90,
-118,
-32,
-70,
-48,
-2,
38,
-54,
-40,
-104,
-206,
-192,
-192,
-210,
-164,
-124,
-172,
-138,
-60,
-6,
20,
0,
-98,
-112,
-120,
-154,
-214,
-134,
-142,
-166,
-122,
-104,
-112,
-112,
-14,
-16,
-78,
-38,
4,
-42,
-20,
56,
58,
44,
30,
-42,
74,
54,
56,
84,
144,
118,
40,
34,
24,
-38,
-106,
-96,
-108,
-134,
-96,
-158,
-206,
-176,
-200,
-216,
-166,
-172,
-40,
-22,
-62,
38,
-28,
-18,
-16,
-36,
-28,
-96,
-136,
-156,
-138,
-112,
-174,
-202,
-208,
-192,
-178,
-102,
-116,
-126,
-82,
-22,
-86,
26,
18,
-6,
6,
6,
10,
-104,
-160,
-184,
-176,
-192,
-196,
-144,
-130,
-118,
-98,
-46,
-22,
-46,
-72,
-156,
-192,
-166,
-174,
-178,
-194,
-164,
-108,
-198,
-154,
-168,
-76,
-78,
-12,
-64,
-56,
-124,
-46,
-102,
-54,
-18,
-36,
22,
62,
74,
-30,
-84,
-124,
-102,
-74,
-192,
-192,
-170,
-142,
-82,
-94,
-128,
-72,
-28,
-22,
-38,
-32,
-8,
-126,
-72,
38,
18,
-58,
-68,
-88,
-24,
-42,
-28,
26,
38,
-98,
-78,
-154,
-90,
-146,
-46,
62,
20,
66,
142,
176,
178,
204,
148,
100,
74,
140,
100,
124,
86,
56,
202,
206,
188,
44,
18,
74,
106,
36,
20,
60,
6,
10,
-24,
-48,
32,
-88,
-106,
-152,
-128,
-192,
-136,
-150,
-144,
-154,
-148,
-18,
0,
-52,
-120,
-36,
2,
-4,
12,
90,
122,
14,
-6,
-12,
28,
18,
4,
-34,
86,
62,
34,
-74,
-52,
40,
-50,
-46,
16,
118,
26,
10,
120,
38,
36,
18,
-18,
-82,
-178,
-158,
-184,
-204,
-176,
-198,
-162,
-146,
-138,
-184,
-150,
-94,
-190,
-172,
-128,
-82,
44,
98,
64,
-24,
-74,
-20,
-28,
-150,
-122,
-148,
-110,
-152,
-162,
-68,
-14,
24,
64,
36,
66,
90,
-4,
-104,
-138,
-70,
-134,
-160,
-146,
-128,
-128,
-94,
-76,
-122,
-142,
-106,
36,
18,
76,
126,
110,
156,
